$ANSIBLE_VAULT;1.1;AES256
39346563383765653664613938353839353439643063373136636362356533313061396437623635
6630333437663461363063666532666266386636386531620a333938643037336263643262643863
30313632306639633138316563653864643362363533393431373064623463333139626639323066
6562643666646263320a383431633765653239623137646261343436396238666163346430656530
62643835653464316436396130363438303338356334643437643535616130376437393838323734
35613733336235633566373435613535363039333137396439306263303736336361633535373336
63663639313565373535663334303738643335643935666431336334396137363436376165626238
64386137373266346663323062643765663134656130383238373038326436636438633235383539
61636561363866373738643263623433366338346461333639396434343866363138353435306239
30346133613533346537653237336136356334663661386630333364626332366632396237333738
66626365653635613438356266346362313831303333336162313930656639646366356630323862
64396464306334613534663735636639353866306630616533313833386338616332623738326365
63393064626438313635656566666536303464323761633333616630383634306562626136333639
35373734666263383236333763313064333162653963613962666439323834326538396461636334
32623963323763613264626136646634646138303030396232393265353735376338313131363762
63386534623635623737373331336565393264323431306635373231323039653466313361663330
63383438303637663833646130646264663464666563623433666564343533356131623638626238
30653637616437393639666662393830343638383437396561393332303631373036386463313962
33616433613064643033386131356638323263656366376563626361306232313935643632643765
37336236333830306133303964616463313163366162323033636166316334653130616430633361
66616239386336303636643037653038366138383963633131303564393734633035386264626539
38366635333231613864663134656136326232613462666162623338383763373332366665343430
32396461663636316636613932643765363564343934326639333363646436373261313235333265
39323865386337316166663564303632343536366561646638353966376665633631396365376364
31356637616239643234353233363030373138383337323165616263306263353361656139613838
66653066393534393337663832353233346664396239343861363765653330323332653463333530
37303037626334303732383961373361623639363032353163386638396662663131346437346463
66656237313232303637336361363134383962653565313965626334666461616161363436646335
3761
